-0.046805 1.064952 0.155142 0.098017 0.995185 0.000000
-0.046805 1.064952 2.155142 0.098017 0.995185 0.000000
0.148285 1.045737 2.155142 0.098017 0.995185 0.000000
0.148285 1.045737 0.155142 0.098017 0.995185 0.000000
0.148285 1.045737 0.155142 0.290285 0.956940 0.000000
0.148285 1.045737 2.155142 0.290285 0.956940 0.000000
0.335878 0.988831 2.155142 0.290285 0.956940 0.000000
0.335878 0.988831 0.155142 0.290285 0.956940 0.000000
0.335878 0.988831 0.155142 0.471397 0.881921 0.000000
0.335878 0.988831 2.155142 0.471397 0.881921 0.000000
0.508765 0.896421 2.155142 0.471397 0.881921 0.000000
0.508765 0.896421 0.155142 0.471397 0.881921 0.000000
0.508765 0.896421 0.155142 0.634393 0.773010 0.000000
0.508765 0.896421 2.155142 0.634393 0.773010 0.000000
0.660302 0.772059 2.155142 0.634393 0.773010 0.000000
0.660302 0.772059 0.155142 0.634393 0.773010 0.000000
0.660302 0.772059 0.155142 0.773010 0.634393 0.000000
0.660302 0.772059 2.155142 0.773010 0.634393 0.000000
0.784664 0.620522 2.155142 0.773010 0.634393 0.000000
0.784664 0.620522 0.155142 0.773010 0.634393 0.000000
0.784664 0.620522 0.155142 0.881921 0.471397 0.000000
0.784664 0.620522 2.155142 0.881921 0.471397 0.000000
0.877074 0.447635 2.155142 0.881921 0.471397 0.000000
0.877074 0.447635 0.155142 0.881921 0.471397 0.000000
0.877074 0.447635 0.155142 0.956940 0.290285 0.000000
0.877074 0.447635 2.155142 0.956940 0.290285 0.000000
0.933980 0.260042 2.155142 0.956940 0.290285 0.000000
0.933980 0.260042 0.155142 0.956940 0.290285 0.000000
0.933980 0.260042 0.155142 0.995185 0.098017 0.000000
0.933980 0.260042 2.155142 0.995185 0.098017 0.000000
0.953195 0.064952 2.155142 0.995185 0.098017 0.000000
0.953195 0.064952 0.155142 0.995185 0.098017 0.000000
0.953195 0.064952 0.155142 0.995185 -0.098017 0.000000
0.953195 0.064952 2.155142 0.995185 -0.098017 0.000000
0.933980 -0.130138 2.155142 0.995185 -0.098017 0.000000
0.933980 -0.130138 0.155142 0.995185 -0.098017 0.000000
0.933980 -0.130138 0.155142 0.956940 -0.290285 0.000000
0.933980 -0.130138 2.155142 0.956940 -0.290285 0.000000
0.877074 -0.317731 2.155142 0.956940 -0.290285 0.000000
0.877074 -0.317731 0.155142 0.956940 -0.290285 0.000000
0.877074 -0.317731 0.155142 0.881921 -0.471396 0.000000
0.877074 -0.317731 2.155142 0.881921 -0.471396 0.000000
0.784664 -0.490618 2.155142 0.881921 -0.471396 0.000000
0.784664 -0.490618 0.155142 0.881921 -0.471396 0.000000
0.784664 -0.490618 0.155142 0.773010 -0.634393 0.000000
0.784664 -0.490618 2.155142 0.773010 -0.634393 0.000000
0.660302 -0.642155 2.155142 0.773010 -0.634393 0.000000
0.660302 -0.642155 0.155142 0.773010 -0.634393 0.000000
0.660302 -0.642155 0.155142 0.634393 -0.773010 0.000000
0.660302 -0.642155 2.155142 0.634393 -0.773010 0.000000
0.508765 -0.766518 2.155142 0.634393 -0.773010 0.000000
0.508765 -0.766518 0.155142 0.634393 -0.773010 0.000000
0.508765 -0.766518 0.155142 0.471397 -0.881921 0.000000
0.508765 -0.766518 2.155142 0.471397 -0.881921 0.000000
0.335878 -0.858928 2.155142 0.471397 -0.881921 0.000000
0.335878 -0.858928 0.155142 0.471397 -0.881921 0.000000
0.335878 -0.858928 0.155142 0.290284 -0.956940 0.000000
0.335878 -0.858928 2.155142 0.290284 -0.956940 0.000000
0.148285 -0.915833 2.155142 0.290284 -0.956940 0.000000
0.148285 -0.915833 0.155142 0.290284 -0.956940 0.000000
0.148285 -0.915833 0.155142 0.098017 -0.995185 0.000000
0.148285 -0.915833 2.155142 0.098017 -0.995185 0.000000
-0.046806 -0.935048 2.155142 0.098017 -0.995185 0.000000
-0.046806 -0.935048 0.155142 0.098017 -0.995185 0.000000
-0.046806 -0.935048 0.155142 -0.098018 -0.995185 0.000000
-0.046806 -0.935048 2.155142 -0.098018 -0.995185 0.000000
-0.241896 -0.915833 2.155142 -0.098018 -0.995185 0.000000
-0.241896 -0.915833 0.155142 -0.098018 -0.995185 0.000000
-0.241896 -0.915833 0.155142 -0.290285 -0.956940 0.000000
-0.241896 -0.915833 2.155142 -0.290285 -0.956940 0.000000
-0.429489 -0.858927 2.155142 -0.290285 -0.956940 0.000000
-0.429489 -0.858927 0.155142 -0.290285 -0.956940 0.000000
-0.429489 -0.858927 0.155142 -0.471397 -0.881921 0.000000
-0.429489 -0.858927 2.155142 -0.471397 -0.881921 0.000000
-0.602376 -0.766517 2.155142 -0.471397 -0.881921 0.000000
-0.602376 -0.766517 0.155142 -0.471397 -0.881921 0.000000
-0.602376 -0.766517 0.155142 -0.634394 -0.773010 0.000000
-0.602376 -0.766517 2.155142 -0.634394 -0.773010 0.000000
-0.753912 -0.642154 2.155142 -0.634394 -0.773010 0.000000
-0.753912 -0.642154 0.155142 -0.634394 -0.773010 0.000000
-0.753912 -0.642154 0.155142 -0.773011 -0.634393 0.000000
-0.753912 -0.642154 2.155142 -0.773011 -0.634393 0.000000
-0.878275 -0.490618 2.155142 -0.773011 -0.634393 0.000000
-0.878275 -0.490618 0.155142 -0.773011 -0.634393 0.000000
-0.878275 -0.490618 0.155142 -0.881922 -0.471396 0.000000
-0.878275 -0.490618 2.155142 -0.881922 -0.471396 0.000000
-0.970685 -0.317731 2.155142 -0.881922 -0.471396 0.000000
-0.970685 -0.317731 0.155142 -0.881922 -0.471396 0.000000
-0.970685 -0.317731 0.155142 -0.956941 -0.290284 0.000000
-0.970685 -0.317731 2.155142 -0.956941 -0.290284 0.000000
-1.027591 -0.130138 2.155142 -0.956941 -0.290284 0.000000
-1.027591 -0.130138 0.155142 -0.956941 -0.290284 0.000000
-1.027591 -0.130138 0.155142 -0.995185 -0.098016 0.000000
-1.027591 -0.130138 2.155142 -0.995185 -0.098016 0.000000
-1.046805 0.064953 2.155142 -0.995185 -0.098016 0.000000
-1.046805 0.064953 0.155142 -0.995185 -0.098016 0.000000
-1.046805 0.064953 0.155142 -0.995185 0.098018 0.000000
-1.046805 0.064953 2.155142 -0.995185 0.098018 0.000000
-1.027590 0.260043 2.155142 -0.995185 0.098018 0.000000
-1.027590 0.260043 0.155142 -0.995185 0.098018 0.000000
-1.027590 0.260043 0.155142 -0.956940 0.290286 0.000000
-1.027590 0.260043 2.155142 -0.956940 0.290286 0.000000
-0.970684 0.447636 2.155142 -0.956940 0.290286 0.000000
-0.970684 0.447636 0.155142 -0.956940 0.290286 0.000000
-0.970684 0.447636 0.155142 -0.881921 0.471398 0.000000
-0.970684 0.447636 2.155142 -0.881921 0.471398 0.000000
-0.878274 0.620523 2.155142 -0.881921 0.471398 0.000000
-0.878274 0.620523 0.155142 -0.881921 0.471398 0.000000
-0.878274 0.620523 0.155142 -0.773010 0.634394 0.000000
-0.878274 0.620523 2.155142 -0.773010 0.634394 0.000000
-0.753911 0.772060 2.155142 -0.773010 0.634394 0.000000
-0.753911 0.772060 0.155142 -0.773010 0.634394 0.000000
-0.753911 0.772060 0.155142 -0.634392 0.773011 0.000000
-0.753911 0.772060 2.155142 -0.634392 0.773011 0.000000
-0.602374 0.896422 2.155142 -0.634392 0.773011 0.000000
-0.602374 0.896422 0.155142 -0.634392 0.773011 0.000000
-0.602374 0.896422 0.155142 -0.471395 0.881922 0.000000
-0.602374 0.896422 2.155142 -0.471395 0.881922 0.000000
-0.429487 0.988832 2.155142 -0.471395 0.881922 0.000000
-0.429487 0.988832 0.155142 -0.471395 0.881922 0.000000
0.335878 0.988831 2.155142 0.000000 0.000000 1.000000
0.148285 1.045737 2.155142 0.000000 0.000000 1.000000
-0.046805 1.064952 2.155142 0.000000 0.000000 1.000000
-0.241894 1.045738 2.155142 0.000000 0.000000 1.000000
-0.429487 0.988832 2.155142 0.000000 0.000000 1.000000
-0.602374 0.896422 2.155142 0.000000 0.000000 1.000000
-0.753911 0.772060 2.155142 0.000000 0.000000 1.000000
-0.878274 0.620523 2.155142 0.000000 0.000000 1.000000
-0.970684 0.447636 2.155142 0.000000 0.000000 1.000000
-1.027590 0.260043 2.155142 0.000000 0.000000 1.000000
-1.046805 0.064953 2.155142 0.000000 0.000000 1.000000
-1.027591 -0.130138 2.155142 0.000000 0.000000 1.000000
-0.970685 -0.317731 2.155142 0.000000 0.000000 1.000000
-0.878275 -0.490618 2.155142 0.000000 0.000000 1.000000
-0.753912 -0.642154 2.155142 0.000000 0.000000 1.000000
-0.602376 -0.766517 2.155142 0.000000 0.000000 1.000000
-0.429489 -0.858927 2.155142 0.000000 0.000000 1.000000
-0.241896 -0.915833 2.155142 0.000000 0.000000 1.000000
-0.046806 -0.935048 2.155142 0.000000 0.000000 1.000000
0.148285 -0.915833 2.155142 0.000000 0.000000 1.000000
0.335878 -0.858928 2.155142 0.000000 0.000000 1.000000
0.508765 -0.766518 2.155142 0.000000 0.000000 1.000000
0.660302 -0.642155 2.155142 0.000000 0.000000 1.000000
0.784664 -0.490618 2.155142 0.000000 0.000000 1.000000
0.877074 -0.317731 2.155142 0.000000 0.000000 1.000000
0.933980 -0.130138 2.155142 0.000000 0.000000 1.000000
0.953195 0.064952 2.155142 0.000000 0.000000 1.000000
0.933980 0.260042 2.155142 0.000000 0.000000 1.000000
0.877074 0.447635 2.155142 0.000000 0.000000 1.000000
0.784664 0.620522 2.155142 0.000000 0.000000 1.000000
0.660302 0.772059 2.155142 0.000000 0.000000 1.000000
0.508765 0.896421 2.155142 0.000000 0.000000 1.000000
-0.046805 1.064952 2.155142 -0.098016 0.995185 0.000000
-0.046805 1.064952 0.155142 -0.098016 0.995185 0.000000
-0.241894 1.045738 0.155142 -0.098016 0.995185 0.000000
-0.241894 1.045738 2.155142 -0.098016 0.995185 0.000000
-0.429487 0.988832 0.155142 -0.290283 0.956941 0.000000
-0.429487 0.988832 2.155142 -0.290283 0.956941 0.000000
-0.241894 1.045738 2.155142 -0.290283 0.956941 0.000000
-0.241894 1.045738 0.155142 -0.290283 0.956941 0.000000
-0.241894 1.045738 0.155142 -0.000000 0.000000 -1.000000
-0.046805 1.064952 0.155142 -0.000000 0.000000 -1.000000
0.148285 1.045737 0.155142 -0.000000 0.000000 -1.000000
0.335878 0.988831 0.155142 0.000000 0.000000 -1.000000
0.508765 0.896421 0.155142 0.000000 0.000000 -1.000000
0.660302 0.772059 0.155142 0.000000 0.000000 -1.000000
0.784664 0.620522 0.155142 0.000000 0.000000 -1.000000
0.877074 0.447635 0.155142 0.000000 0.000000 -1.000000
0.933980 0.260042 0.155142 0.000000 0.000000 -1.000000
0.953195 0.064952 0.155142 0.000000 0.000000 -1.000000
0.933980 -0.130138 0.155142 0.000000 0.000000 -1.000000
0.877074 -0.317731 0.155142 0.000000 0.000000 -1.000000
0.784664 -0.490618 0.155142 0.000000 0.000000 -1.000000
0.660302 -0.642155 0.155142 0.000000 0.000000 -1.000000
0.508765 -0.766518 0.155142 0.000000 0.000000 -1.000000
0.335878 -0.858928 0.155142 0.000000 0.000000 -1.000000
0.148285 -0.915833 0.155142 0.000000 0.000000 -1.000000
-0.046806 -0.935048 0.155142 0.000000 0.000000 -1.000000
-0.241896 -0.915833 0.155142 0.000000 0.000000 -1.000000
-0.429489 -0.858927 0.155142 0.000000 0.000000 -1.000000
-0.602376 -0.766517 0.155142 0.000000 0.000000 -1.000000
-0.753912 -0.642154 0.155142 0.000000 0.000000 -1.000000
-0.878275 -0.490618 0.155142 0.000000 0.000000 -1.000000
-0.970685 -0.317731 0.155142 0.000000 0.000000 -1.000000
-1.027591 -0.130138 0.155142 0.000000 0.000000 -1.000000
-1.046805 0.064953 0.155142 0.000000 -0.000000 -1.000000
-1.027590 0.260043 0.155142 0.000000 -0.000000 -1.000000
-0.970684 0.447636 0.155142 0.000000 0.000000 -1.000000
-0.878274 0.620523 0.155142 0.000000 0.000000 -1.000000
-0.753911 0.772060 0.155142 0.000000 0.000000 -1.000000
-0.602374 0.896422 0.155142 0.000000 0.000000 -1.000000
-0.429487 0.988832 0.155142 0.000000 0.000000 -1.000000
